6.500000 10.566667 
6.600000 10.560000 
6.700000 10.553333 
6.800000 10.546667 
6.900000 10.540000 
7.000000 10.533333 
7.100000 10.526667 
7.200000 10.520000 
7.300000 10.513333 
7.400000 10.506667 
7.500000 10.500000 
7.600000 10.493333 
7.700000 10.486667 
7.800000 10.480000 
7.900000 10.473333 
8.000000 10.466667 
8.100000 10.460000 
8.200000 10.453333 
8.300000 10.446667 
8.400000 10.440000 
8.500000 10.433333 
8.600000 10.426667 
8.700000 10.420000 
8.800000 10.413333 
8.900000 10.406667 
9.000000 10.400000 
9.100000 10.393333 
9.200000 10.386667 
9.300000 10.380000 
9.400000 10.373333 
9.500000 10.366667 
9.600000 10.360000 
9.700000 10.353333 
9.800000 10.346667 
9.900000 10.340000 
10.000000 10.333333 
10.100000 10.326667 
10.200000 10.320000 
10.300000 10.313333 
10.400000 10.306667 
10.500000 10.300000 
10.600000 10.293333 
10.700000 10.286667 
10.800000 10.280000 
10.900000 10.273333 
11.000000 10.266667 
11.100000 10.260000 
11.200000 10.253333 
11.300000 10.246667 
11.400000 10.240000 
11.500000 10.233333 
11.600000 10.226667 
11.700000 10.220000 
11.800000 10.213333 
11.900000 10.206667 
12.000000 10.200000 
12.100000 10.193333 
12.200000 10.186667 
12.300000 10.180000 
12.400000 10.173333 
12.500000 10.166667 
12.600000 10.160000 
12.700000 10.153333 
12.800000 10.146667 
12.900000 10.140000 
13.000000 10.133333 
13.100000 10.126667 
13.200000 10.120000 
13.300000 10.113333 
13.400000 10.106667 
13.500000 10.100000 
13.600000 10.093333 
13.700000 10.086667 
13.800000 10.080000 
13.900000 10.073333 
14.000000 10.066667 
14.100000 10.060000 
14.200000 10.053333 
14.300000 10.046667 
14.400000 10.040000 
14.500000 10.033333 
14.600000 10.026667 
14.700000 10.020000 
14.800000 10.013333 
14.900000 10.006667 
15.000000 10.000000 
15.100000 9.993333 
15.200000 9.986667 
15.300000 9.980000 
15.400000 9.973333 
15.500000 9.966667 
15.600000 9.960000 
15.700000 9.953333 
15.800000 9.946667 
15.900000 9.940000 
16.000000 9.933333 
16.100000 9.926667 
16.200000 9.920000 
16.300000 9.913333 
16.400000 9.906667 
16.500000 9.900000 
16.600000 9.893333 
16.700000 9.886667 
16.800000 9.880000 
16.900000 9.873333 
17.000000 9.866667 
17.100000 9.860000 
17.200000 9.853333 
17.300000 9.846667 
17.400000 9.840000 
17.500000 9.833333 
17.600000 9.826667 
17.700000 9.820000 
17.800000 9.813333 
17.900000 9.806667 
18.000000 9.800000 
18.100000 9.793333 
18.200000 9.786667 
18.300000 9.780000 
18.400000 9.773333 
18.500000 9.766667 
18.600000 9.760000 
18.700000 9.753333 
18.800000 9.746667 
18.900000 9.740000 
19.000000 9.733333 
19.100000 9.726667 
19.200000 9.720000 
19.300000 9.713333 
19.400000 9.706667 
19.500000 9.700000 
19.600000 9.693333 
19.700000 9.686667 
19.800000 9.680000 
19.900000 9.673333 
20.000000 9.666667 
20.100000 9.660000 
20.200000 9.653333 
20.300000 9.646667 
20.400000 9.640000 
20.500000 9.633333 
20.600000 9.626667 
20.700000 9.620000 
20.800000 9.613333 
20.900000 9.606667 
21.000000 9.600000 
21.100000 9.593333 
21.200000 9.586667 
21.300000 9.580000 
21.400000 9.573333 
21.500000 9.566667 
21.600000 9.560000 
21.700000 9.553333 
21.800000 9.546667 
21.900000 9.540000 
22.000000 9.533333 
22.100000 9.526667 
22.200000 9.520000 
22.300000 9.513333 
22.400000 9.506667 
22.500000 9.500000 
22.600000 9.493333 
22.700000 9.486667 
22.800000 9.480000 
22.900000 9.473333 
23.000000 9.466667 
23.100000 9.460000 
23.200000 9.453333 
23.300000 9.446667 
23.400000 9.440000 
23.500000 9.433333 
23.600000 9.426667 
23.700000 9.420000 
23.800000 9.413333 
23.900000 9.406667 
24.000000 9.400000 
24.100000 9.393333 
24.200000 9.386667 
24.300000 9.380000 
24.400000 9.373333 
24.500000 9.366667 
24.600000 9.360000 
24.700000 9.353333 
24.800000 9.346667 
24.900000 9.340000 
25.000000 9.333333 
25.100000 9.326667 
25.200000 9.320000 
25.300000 9.313333 
25.400000 9.306667 
25.500000 9.300000 
25.600000 9.293333 
25.700000 9.286667 
25.800000 9.280000 
25.900000 9.273333 
26.000000 9.266667 
26.100000 9.260000 
26.200000 9.253333 
26.300000 9.246667 
26.400000 9.240000 
26.500000 9.233333 
26.600000 9.226667 
26.700000 9.220000 
26.800000 9.213333 
26.900000 9.206667 
27.000000 9.200000 
27.100000 9.193333 
27.200000 9.186667 
27.300000 9.180000 
27.400000 9.173333 
27.500000 9.166667 
27.600000 9.160000 
27.700000 9.153333 
27.800000 9.146667 
27.900000 9.140000 
28.000000 9.133333 
28.100000 9.126667 
28.200000 9.120000 
28.300000 9.113333 
28.400000 9.106667 
28.500000 9.100000 
28.600000 9.093333 
28.700000 9.086667 
28.800000 9.080000 
28.900000 9.073333 
29.000000 9.066667 
29.100000 9.060000 
29.200000 9.053333 
29.300000 9.046667 
29.400000 9.040000 
29.500000 9.033333 
29.600000 9.026667 
29.700000 9.020000 
29.800000 9.013333 
29.900000 9.006667 
30.000000 9.000000 
30.100000 8.993333 
30.200000 8.986667 
30.300000 8.980000 
30.400000 8.973333 
30.500000 8.966667 
30.600000 8.960000 
30.700000 8.953333 
30.800000 8.946667 
30.900000 8.940000 
31.000000 8.933333 
31.100000 8.926667 
31.200000 8.920000 
31.300000 8.913333 
31.400000 8.906667 
31.500000 8.900000 
31.600000 8.893333 
31.700000 8.886667 
31.800000 8.880000 
31.900000 8.873333 
32.000000 8.866667 
32.100000 8.860000 
32.200000 8.853333 
32.300000 8.846667 
32.400000 8.840000 
32.500000 8.833333 
32.600000 8.826667 
32.700000 8.820000 
32.800000 8.813333 
32.900000 8.806667 
33.000000 8.800000 
33.100000 8.793333 
33.200000 8.786667 
33.300000 8.780000 
33.400000 8.773333 
33.500000 8.766667 
33.600000 8.760000 
33.700000 8.753333 
33.800000 8.746667 
33.900000 8.740000 
34.000000 8.733333 
34.100000 8.726667 
34.200000 8.720000 
34.300000 8.713333 
34.400000 8.706667 
34.500000 8.700000 
34.600000 8.693333 
34.700000 8.686667 
34.800000 8.680000 
34.900000 8.673333 
35.000000 8.666667 
35.100000 8.660000 
35.200000 8.653333 
35.300000 8.646667 
35.400000 8.640000 
35.500000 8.633333 
35.600000 8.626667 
35.700000 8.620000 
35.800000 8.613333 
35.900000 8.606667 
36.000000 8.600000 
36.100000 8.593333 
36.200000 8.586667 
36.300000 8.580000 
36.400000 8.573333 
36.500000 8.566667 
36.600000 8.560000 
36.700000 8.553333 
36.800000 8.546667 
36.900000 8.540000 
37.000000 8.533333 
37.100000 8.526667 
37.200000 8.520000 
37.300000 8.513333 
37.400000 8.506667 
37.500000 8.500000 
37.600000 8.493333 
37.700000 8.486667 
37.800000 8.480000 
37.900000 8.473333 
38.000000 8.466667 
38.100000 8.460000 
38.200000 8.453333 
38.300000 8.446667 
38.400000 8.440000 
38.500000 8.433333 
38.600000 8.426667 
38.700000 8.420000 
38.800000 8.413333 
38.900000 8.406667 
39.000000 8.400000 
39.100000 8.393333 
39.200000 8.386667 
39.300000 8.380000 
39.400000 8.373333 
39.500000 8.366667 
39.600000 8.360000 
39.700000 8.353333 
39.800000 8.346667 
39.900000 8.340000 
40.000000 8.333333 
40.100000 8.326667 
40.200000 8.320000 
40.300000 8.313333 
40.400000 8.306667 
40.500000 8.300000 
40.600000 8.293333 
40.700000 8.286667 
40.800000 8.280000 
40.900000 8.273333 
41.000000 8.266667 
41.100000 8.260000 
41.200000 8.253333 
41.300000 8.246667 
41.400000 8.240000 
41.500000 8.233333 
41.600000 8.226667 
41.700000 8.220000 
41.800000 8.213333 
41.900000 8.206667 
42.000000 8.200000 
42.100000 8.193333 
42.200000 8.186667 
42.300000 8.180000 
42.400000 8.173333 
42.500000 8.166667 
42.600000 8.160000 
42.700000 8.153333 
42.800000 8.146667 
42.900000 8.140000 
43.000000 8.133333 
43.100000 8.126667 
43.200000 8.120000 
43.300000 8.113333 
43.400000 8.106667 
43.500000 8.100000 
43.600000 8.093333 
43.700000 8.086667 
43.800000 8.080000 
43.900000 8.073333 
44.000000 8.066667 
44.100000 8.060000 
44.200000 8.053333 
44.300000 8.046667 
44.400000 8.040000 
44.500000 8.033333 
44.600000 8.026667 
44.700000 8.020000 
44.800000 8.013333 
44.900000 8.006667 
45.000000 8.000000 
45.100000 7.993333 
45.200000 7.986667 
45.300000 7.980000 
45.400000 7.973333 
45.500000 7.966667 
45.600000 7.960000 
45.700000 7.953333 
45.800000 7.946667 
45.900000 7.940000 
46.000000 7.933333 
46.100000 7.926667 
46.200000 7.920000 
46.300000 7.913333 
46.400000 7.906667 
46.500000 7.900000 
46.600000 7.893333 
46.700000 7.886667 
46.800000 7.880000 
46.900000 7.873333 
47.000000 7.866667 
47.100000 7.860000 
47.200000 7.853333 
47.300000 7.846667 
47.400000 7.840000 
47.500000 7.833333 
47.600000 7.826667 
47.700000 7.820000 
47.800000 7.813333 
47.900000 7.806667 
48.000000 7.800000 
48.100000 7.793333 
48.200000 7.786667 
48.300000 7.780000 
48.400000 7.773333 
48.500000 7.766667 
48.600000 7.760000 
48.700000 7.753333 
48.800000 7.746667 
48.900000 7.740000 
49.000000 7.733333 
49.100000 7.726667 
49.200000 7.720000 
49.300000 7.713333 
49.400000 7.706667 
49.500000 7.700000 
49.600000 7.693333 
49.700000 7.686667 
49.800000 7.680000 
49.900000 7.673333 
50.000000 7.666667 
50.100000 7.660000 
50.200000 7.653333 
50.300000 7.646667 
50.400000 7.640000 
50.500000 7.633333 
50.600000 7.626667 
50.700000 7.620000 
50.800000 7.613333 
50.900000 7.606667 
51.000000 7.600000 
51.100000 7.593333 
51.200000 7.586667 
51.300000 7.580000 
51.400000 7.573333 
51.500000 7.566667 
51.600000 7.560000 
51.700000 7.553333 
51.800000 7.546667 
51.900000 7.540000 
52.000000 7.533333 
52.100000 7.526667 
52.200000 7.520000 
52.300000 7.513333 
52.400000 7.506667 
52.500000 7.500000 
52.600000 7.493333 
52.700000 7.486667 
52.800000 7.480000 
52.900000 7.473333 
53.000000 7.466667 
53.100000 7.460000 
53.200000 7.453333 
53.300000 7.446667 
53.400000 7.440000 
53.500000 7.433333 
53.600000 7.426667 
53.700000 7.420000 
53.800000 7.413333 
53.900000 7.406667 
54.000000 7.400000 
54.100000 7.393333 
54.200000 7.386667 
54.300000 7.380000 
54.400000 7.373333 
54.500000 7.366667 
54.600000 7.360000 
54.700000 7.353333 
54.800000 7.346667 
54.900000 7.340000 
55.000000 7.333333 
55.100000 7.326667 
55.200000 7.320000 
55.300000 7.313333 
55.400000 7.306667 
55.500000 7.300000 
55.600000 7.293333 
55.700000 7.286667 
55.800000 7.280000 
55.900000 7.273333 
56.000000 7.266667 
56.100000 7.260000 
56.200000 7.253333 
56.300000 7.246667 
56.400000 7.240000 
56.500000 7.233333 
56.600000 7.226667 
56.700000 7.220000 
56.800000 7.213333 
56.900000 7.206667 
57.000000 7.200000 
57.100000 7.193333 
57.200000 7.186667 
57.300000 7.180000 
57.400000 7.173333 
57.500000 7.166667 
57.600000 7.160000 
57.700000 7.153333 
57.800000 7.146667 
57.900000 7.140000 
58.000000 7.133333 
58.100000 7.126667 
58.200000 7.120000 
58.300000 7.113333 
58.400000 7.106667 
58.500000 7.100000 
58.600000 7.093333 
58.700000 7.086667 
58.800000 7.080000 
58.900000 7.073333 
59.000000 7.066667 
59.100000 7.060000 
59.200000 7.053333 
59.300000 7.046667 
59.400000 7.040000 
59.500000 7.033333 
59.600000 7.026667 
59.700000 7.020000 
59.800000 7.013333 
59.900000 7.006667 
60.000000 7.000000 
60.100000 6.993333 
60.200000 6.986667 
60.300000 6.980000 
60.400000 6.973333 
60.500000 6.966667 
60.600000 6.960000 
60.700000 6.953333 
60.800000 6.946667 
60.900000 6.940000 
61.000000 6.933333 
61.100000 6.926667 
61.200000 6.920000 
61.300000 6.913333 
61.400000 6.906667 
61.500000 6.900000 
61.600000 6.893333 
61.700000 6.886667 
61.800000 6.880000 
61.900000 6.873333 
62.000000 6.866667 
62.100000 6.860000 
62.200000 6.853333 
62.300000 6.846667 
62.400000 6.840000 
62.500000 6.833333 
62.600000 6.826667 
62.700000 6.820000 
62.800000 6.813333 
62.900000 6.806667 
63.000000 6.800000 
63.100000 6.793333 
63.200000 6.786667 
63.300000 6.780000 
63.400000 6.773333 
63.500000 6.766667 
63.600000 6.760000 
63.700000 6.753333 
63.800000 6.746667 
63.900000 6.740000 
64.000000 6.733333 
64.100000 6.726667 
64.200000 6.720000 
64.300000 6.713333 
64.400000 6.706667 
64.500000 6.700000 
64.600000 6.693333 
64.700000 6.686667 
64.800000 6.680000 
64.900000 6.673333 
65.000000 6.666667 
65.100000 6.660000 
65.200000 6.653333 
65.300000 6.646667 
65.400000 6.640000 
65.500000 6.633333 
65.600000 6.626667 
65.700000 6.620000 
65.800000 6.613333 
65.900000 6.606667 
66.000000 6.600000 
66.100000 6.593333 
66.200000 6.586667 
66.300000 6.580000 
66.400000 6.573333 
66.500000 6.566667 
66.600000 6.560000 
66.700000 6.553333 
66.800000 6.546667 
66.900000 6.540000 
67.000000 6.533333 
67.100000 6.526667 
67.200000 6.520000 
67.300000 6.513333 
67.400000 6.506667 
67.500000 6.500000 
67.600000 6.493333 
67.700000 6.486667 
67.800000 6.480000 
67.900000 6.473333 
68.000000 6.466667 
68.100000 6.460000 
68.200000 6.453333 
68.300000 6.446667 
68.400000 6.440000 
68.500000 6.433333 
68.600000 6.426667 
68.700000 6.420000 
68.800000 6.413333 
68.900000 6.406667 
69.000000 6.400000 
69.100000 6.393333 
69.200000 6.386667 
69.300000 6.380000 
69.400000 6.373333 
69.500000 6.366667 
69.600000 6.360000 
69.700000 6.353333 
69.800000 6.346667 
69.900000 6.340000 
70.000000 6.333333 
70.100000 6.326667 
70.200000 6.320000 
70.300000 6.313333 
70.400000 6.306667 
70.500000 6.300000 
70.600000 6.293333 
70.700000 6.286667 
70.800000 6.280000 
70.900000 6.273333 
71.000000 6.266667 
71.100000 6.260000 
71.200000 6.253333 
71.300000 6.246667 
71.400000 6.240000 
71.500000 6.233333 
71.600000 6.226667 
71.700000 6.220000 
71.800000 6.213333 
71.900000 6.206667 
72.000000 6.200000 
72.100000 6.193333 
72.200000 6.186667 
72.300000 6.180000 
72.400000 6.173333 
72.500000 6.166667 
72.600000 6.160000 
72.700000 6.153333 
72.800000 6.146667 
72.900000 6.140000 
73.000000 6.133333 
73.100000 6.126667 
73.200000 6.120000 
73.300000 6.113333 
73.400000 6.106667 
73.500000 6.100000 
73.600000 6.093333 
73.700000 6.086667 
73.800000 6.080000 
73.900000 6.073333 
74.000000 6.066667 
74.100000 6.060000 
74.200000 6.053333 
74.300000 6.046667 
74.400000 6.040000 
74.500000 6.033333 
74.600000 6.026667 
74.700000 6.020000 
74.800000 6.013333 
74.900000 6.006667 
75.000000 6.000000 
75.100000 5.993333 
75.200000 5.986667 
75.300000 5.980000 
75.400000 5.973333 
75.500000 5.966667 
75.600000 5.960000 
75.700000 5.953333 
75.800000 5.946667 
75.900000 5.940000 
76.000000 5.933333 
76.100000 5.926667 
76.200000 5.920000 
76.300000 5.913333 
76.400000 5.906667 
76.500000 5.900000 
76.600000 5.893333 
76.700000 5.886667 
76.800000 5.880000 
76.900000 5.873333 
77.000000 5.866667 
77.100000 5.860000 
77.200000 5.853333 
77.300000 5.846667 
77.400000 5.840000 
77.500000 5.833333 
77.600000 5.826667 
77.700000 5.820000 
77.800000 5.813333 
77.900000 5.806667 
78.000000 5.800000 
78.100000 5.793333 
78.200000 5.786667 
78.300000 5.780000 
78.400000 5.773333 
78.500000 5.766667 
78.600000 5.760000 
78.700000 5.753333 
78.800000 5.746667 
78.900000 5.740000 
79.000000 5.733333 
79.100000 5.726667 
79.200000 5.720000 
79.300000 5.713333 
79.400000 5.706667 
79.500000 5.700000 
79.600000 5.693333 
79.700000 5.686667 
79.800000 5.680000 
79.900000 5.673333 
80.000000 5.666667 
80.100000 5.660000 
80.200000 5.653333 
80.300000 5.646667 
80.400000 5.640000 
80.500000 5.633333 
80.600000 5.626667 
80.700000 5.620000 
80.800000 5.613333 
80.900000 5.606667 
81.000000 5.600000 
81.100000 5.593333 
81.200000 5.586667 
81.300000 5.580000 
81.400000 5.573333 
81.500000 5.566667 
81.600000 5.560000 
81.700000 5.553333 
81.800000 5.546667 
81.900000 5.540000 
82.000000 5.533333 
82.100000 5.526667 
82.200000 5.520000 
82.300000 5.513333 
82.400000 5.506667 
82.500000 5.500000 
82.600000 5.493333 
82.700000 5.486667 
82.800000 5.480000 
82.900000 5.473333 
83.000000 5.466667 
83.100000 5.460000 
83.200000 5.453333 
83.300000 5.446667 
83.400000 5.440000 
83.500000 5.433333 
83.600000 5.426667 
83.700000 5.420000 
83.800000 5.413333 
83.900000 5.406667 
84.000000 5.400000 
84.100000 5.393333 
84.200000 5.386667 
84.300000 5.380000 
84.400000 5.373333 
84.500000 5.366667 
84.600000 5.360000 
84.700000 5.353333 
84.800000 5.346667 
84.900000 5.340000 
85.000000 5.333333 
85.100000 5.326667 
85.200000 5.320000 
85.300000 5.313333 
85.400000 5.306667 
85.500000 5.300000 
85.600000 5.293333 
85.700000 5.286667 
85.800000 5.280000 
85.900000 5.273333 
86.000000 5.266667 
86.100000 5.260000 
86.200000 5.253333 
86.300000 5.246667 
86.400000 5.240000 
86.500000 5.233333 
86.600000 5.226667 
86.700000 5.220000 
86.800000 5.213333 
86.900000 5.206667 
87.000000 5.200000 
87.100000 5.193333 
87.200000 5.186667 
87.300000 5.180000 
87.400000 5.173333 
87.500000 5.166667 
87.600000 5.160000 
87.700000 5.153333 
87.800000 5.146667 
87.900000 5.140000 
88.000000 5.133333 
88.100000 5.126667 
88.200000 5.120000 
88.300000 5.113333 
88.400000 5.106667 
88.500000 5.100000 
88.600000 5.093333 
88.700000 5.086667 
88.800000 5.080000 
88.900000 5.073333 
89.000000 5.066667 
89.100000 5.060000 
89.200000 5.053333 
89.300000 5.046667 
89.400000 5.040000 
89.500000 5.033333 
89.600000 5.026667 
89.700000 5.020000 
89.800000 5.013333 
89.900000 5.006667 
90.000000 5.000000 
90.100000 4.993333 
90.200000 4.986667 
90.300000 4.980000 
90.400000 4.973333 
90.500000 4.966667 
90.600000 4.960000 
90.700000 4.953333 
90.800000 4.946667 
90.900000 4.940000 
91.000000 4.933333 
91.100000 4.926667 
91.200000 4.920000 
91.300000 4.913333 
91.400000 4.906667 
91.500000 4.900000 
91.600000 4.893333 
91.700000 4.886667 
91.800000 4.880000 
91.900000 4.873333 
92.000000 4.866667 
92.100000 4.860000 
92.200000 4.853333 
92.300000 4.846667 
92.400000 4.840000 
92.500000 4.833333 
92.600000 4.826667 
92.700000 4.820000 
92.800000 4.813333 
92.900000 4.806667 
93.000000 4.800000 
93.100000 4.793333 
93.200000 4.786667 
93.300000 4.780000 
93.400000 4.773333 
93.500000 4.766667 
93.600000 4.760000 
93.700000 4.753333 
93.800000 4.746667 
93.900000 4.740000 
94.000000 4.733333 
94.100000 4.726667 
94.200000 4.720000 
94.300000 4.713333 
94.400000 4.706667 
94.500000 4.700000 
94.600000 4.693333 
94.700000 4.686667 
94.800000 4.680000 
94.900000 4.673333 
95.000000 4.666667 
95.100000 4.660000 
95.200000 4.653333 
95.300000 4.646667 
95.400000 4.640000 
95.500000 4.633333 
95.600000 4.626667 
95.700000 4.620000 
95.800000 4.613333 
95.900000 4.606667 
96.000000 4.600000 
96.100000 4.593333 
96.200000 4.586667 
96.300000 4.580000 
96.400000 4.573333 
96.500000 4.566667 
96.600000 4.560000 
96.700000 4.553333 
96.800000 4.546667 
96.900000 4.540000 
97.000000 4.533333 
97.100000 4.526667 
97.200000 4.520000 
97.300000 4.513333 
97.400000 4.506667 
97.500000 4.500000 
97.600000 4.493333 
97.700000 4.486667 
97.800000 4.480000 
97.900000 4.473333 
98.000000 4.466667 
98.100000 4.460000 
98.200000 4.453333 
98.300000 4.446667 
98.400000 4.440000 
98.500000 4.433333 
98.600000 4.426667 
98.700000 4.420000 
98.800000 4.413333 
98.900000 4.406667 
99.000000 4.400000 
99.100000 4.393333 
99.200000 4.386667 
99.300000 4.380000 
99.400000 4.373333 
99.500000 4.366667 
99.600000 4.360000 
99.700000 4.353333 
99.800000 4.346667 
99.900000 4.340000 
100.000000 4.333333 
100.100000 4.326667 
100.200000 4.320000 
100.300000 4.313333 
100.400000 4.306667 
100.500000 4.300000 
100.600000 4.293333 
100.700000 4.286667 
100.800000 4.280000 
100.900000 4.273333 
101.000000 4.266667 
101.100000 4.260000 
101.200000 4.253333 
101.300000 4.246667 
101.400000 4.240000 
101.500000 4.233333 
101.600000 4.226667 
101.700000 4.220000 
101.800000 4.213333 
101.900000 4.206667 
102.000000 4.200000 
102.100000 4.193333 
102.200000 4.186667 
102.300000 4.180000 
102.400000 4.173333 
102.500000 4.166667 
102.600000 4.160000 
102.700000 4.153333 
102.800000 4.146667 
102.900000 4.140000 
103.000000 4.133333 
103.100000 4.126667 
103.200000 4.120000 
103.300000 4.113333 
103.400000 4.106667 
103.500000 4.100000 
103.600000 4.093333 
103.700000 4.086667 
103.800000 4.080000 
103.900000 4.073333 
104.000000 4.066667 
104.100000 4.060000 
104.200000 4.053333 
104.300000 4.046667 
104.400000 4.040000 
104.500000 4.033333 
104.600000 4.026667 
104.700000 4.020000 
104.800000 4.013333 
104.900000 4.006667 
105.000000 4.000000 
105.100000 3.993333 
105.200000 3.986667 
105.300000 3.980000 
105.400000 3.973333 
105.500000 3.966667 
105.600000 3.960000 
105.700000 3.953333 
105.800000 3.946667 
105.900000 3.940000 
106.000000 3.933333 
106.100000 3.926667 
106.200000 3.920000 
106.300000 3.913333 
106.400000 3.906667 
106.500000 3.900000 
106.600000 3.893333 
106.700000 3.886667 
106.800000 3.880000 
106.900000 3.873333 
107.000000 3.866667 
107.100000 3.860000 
107.200000 3.853333 
107.300000 3.846667 
107.400000 3.840000 
107.500000 3.833333 
107.600000 3.826667 
107.700000 3.820000 
107.800000 3.813333 
107.900000 3.806667 
108.000000 3.800000 
108.100000 3.793333 
108.200000 3.786667 
108.300000 3.780000 
108.400000 3.773333 
108.500000 3.766667 
108.600000 3.760000 
108.700000 3.753333 
108.800000 3.746667 
108.900000 3.740000 
109.000000 3.733333 
109.100000 3.726667 
109.200000 3.720000 
109.300000 3.713333 
109.400000 3.706667 
109.500000 3.700000 
109.600000 3.693333 
109.700000 3.686667 
109.800000 3.680000 
109.900000 3.673333 
110.000000 3.666667 
110.100000 3.660000 
110.200000 3.653333 
110.300000 3.646667 
110.400000 3.640000 
110.500000 3.633333 
110.600000 3.626667 
110.700000 3.620000 
110.800000 3.613333 
110.900000 3.606667 
111.000000 3.600000 
111.100000 3.593333 
111.200000 3.586667 
111.300000 3.580000 
111.400000 3.573333 
111.500000 3.566667 
111.600000 3.560000 
111.700000 3.553333 
111.800000 3.546667 
111.900000 3.540000 
112.000000 3.533333 
112.100000 3.526667 
112.200000 3.520000 
112.300000 3.513333 
112.400000 3.506667 
112.500000 3.500000 
112.600000 3.493333 
112.700000 3.486667 
112.800000 3.480000 
112.900000 3.473333 
113.000000 3.466667 
113.100000 3.460000 
113.200000 3.453333 
113.300000 3.446667 
113.400000 3.440000 
113.500000 3.433333 
113.600000 3.426667 
113.700000 3.420000 
113.800000 3.413333 
113.900000 3.406667 
114.000000 3.400000 
114.100000 3.393333 
114.200000 3.386667 
114.300000 3.380000 
114.400000 3.373333 
114.500000 3.366667 
114.600000 3.360000 
114.700000 3.353333 
114.800000 3.346667 
114.900000 3.340000 
115.000000 3.333333 
115.100000 3.326667 
115.200000 3.320000 
115.300000 3.313333 
115.400000 3.306667 
115.500000 3.300000 
115.600000 3.293333 
115.700000 3.286667 
115.800000 3.280000 
115.900000 3.273333 
116.000000 3.266667 
116.100000 3.260000 
116.200000 3.253333 
116.300000 3.246667 
116.400000 3.240000 
116.500000 3.233333 
116.600000 3.226667 
116.700000 3.220000 
116.800000 3.213333 
116.900000 3.206667 
117.000000 3.200000 
117.100000 3.193333 
117.200000 3.186667 
117.300000 3.180000 
117.400000 3.173333 
117.500000 3.166667 
117.600000 3.160000 
117.700000 3.153333 
117.800000 3.146667 
117.900000 3.140000 
118.000000 3.133333 
118.100000 3.126667 
118.200000 3.120000 
118.300000 3.113333 
118.400000 3.106667 
118.500000 3.100000 
118.600000 3.093333 
118.700000 3.086667 
118.800000 3.080000 
118.900000 3.073333 
119.000000 3.066667 
119.100000 3.060000 
119.200000 3.053333 
119.300000 3.046667 
119.400000 3.040000 
119.500000 3.033333 
119.600000 3.026667 
119.700000 3.020000 
119.800000 3.013333 
119.900000 3.006667 
120.000000 3.000000 
120.100000 2.993333 
120.200000 2.986667 
120.300000 2.980000 
120.400000 2.973333 
120.500000 2.966667 
120.600000 2.960000 
120.700000 2.953333 
120.800000 2.946667 
120.900000 2.940000 
121.000000 2.933333 
121.100000 2.926667 
121.200000 2.920000 
121.300000 2.913333 
121.400000 2.906667 
121.500000 2.900000 
121.600000 2.893333 
121.700000 2.886667 
121.800000 2.880000 
121.900000 2.873333 
122.000000 2.866667 
122.100000 2.860000 
122.200000 2.853333 
122.300000 2.846667 
122.400000 2.840000 
122.500000 2.833333 
122.600000 2.826667 
122.700000 2.820000 
122.800000 2.813333 
122.900000 2.806667 
123.000000 2.800000 
123.100000 2.793333 
123.200000 2.786667 
123.300000 2.780000 
123.400000 2.773333 
123.500000 2.766667 
123.600000 2.760000 
123.700000 2.753333 
123.800000 2.746667 
123.900000 2.740000 
124.000000 2.733333 
124.100000 2.726667 
124.200000 2.720000 
124.300000 2.713333 
124.400000 2.706667 
124.500000 2.700000 
124.600000 2.693333 
124.700000 2.686667 
124.800000 2.680000 
124.900000 2.673333 
125.000000 2.666667 
125.100000 2.660000 
125.200000 2.653333 
125.300000 2.646667 
125.400000 2.640000 
125.500000 2.633333 
125.600000 2.626667 
125.700000 2.620000 
125.800000 2.613333 
125.900000 2.606667 
126.000000 2.600000 
126.100000 2.593333 
126.200000 2.586667 
126.300000 2.580000 
126.400000 2.573333 
126.500000 2.566667 
126.600000 2.560000 
126.700000 2.553333 
126.800000 2.546667 
126.900000 2.540000 
127.000000 2.533333 
127.100000 2.526667 
127.200000 2.520000 
127.300000 2.513333 
127.400000 2.506667 
127.500000 2.500000 
127.600000 2.493333 
127.700000 2.486667 
127.800000 2.480000 
127.900000 2.473333 
128.000000 2.466667 
128.100000 2.460000 
128.200000 2.453333 
128.300000 2.446667 
128.400000 2.440000 
128.500000 2.433333 
128.600000 2.426667 
128.700000 2.420000 
128.800000 2.413333 
128.900000 2.406667 
129.000000 2.400000 
129.100000 2.393333 
129.200000 2.386667 
129.300000 2.380000 
129.400000 2.373333 
129.500000 2.366667 
129.600000 2.360000 
129.700000 2.353333 
129.800000 2.346667 
129.900000 2.340000 
130.000000 2.333333 
130.100000 2.326667 
130.200000 2.320000 
130.300000 2.313333 
130.400000 2.306667 
130.500000 2.300000 
130.600000 2.293333 
130.700000 2.286667 
130.800000 2.280000 
130.900000 2.273333 
131.000000 2.266667 
131.100000 2.260000 
131.200000 2.253333 
131.300000 2.246667 
131.400000 2.240000 
131.500000 2.233333 
131.600000 2.226667 
131.700000 2.220000 
131.800000 2.213333 
131.900000 2.206667 
132.000000 2.200000 
132.100000 2.193333 
132.200000 2.186667 
132.300000 2.180000 
132.400000 2.173333 
132.500000 2.166667 
132.600000 2.160000 
132.700000 2.153333 
132.800000 2.146667 
132.900000 2.140000 
133.000000 2.133333 
133.100000 2.126667 
133.200000 2.120000 
133.300000 2.113333 
133.400000 2.106667 
133.500000 2.100000 
133.600000 2.093333 
133.700000 2.086667 
133.800000 2.080000 
133.900000 2.073333 
134.000000 2.066667 
134.100000 2.060000 
134.200000 2.053333 
134.300000 2.046667 
134.400000 2.040000 
134.500000 2.033333 
134.600000 2.026667 
134.700000 2.020000 
134.800000 2.013333 
134.900000 2.006667 
135.000000 2.000000 
135.100000 1.993333 
135.200000 1.986667 
135.300000 1.980000 
135.400000 1.973333 
135.500000 1.966667 
135.600000 1.960000 
135.700000 1.953333 
135.800000 1.946667 
135.900000 1.940000 
136.000000 1.933333 
136.100000 1.926667 
136.200000 1.920000 
136.300000 1.913333 
136.400000 1.906667 
136.500000 1.900000 
136.600000 1.893333 
136.700000 1.886667 
136.800000 1.880000 
136.900000 1.873333 
137.000000 1.866667 
137.100000 1.860000 
137.200000 1.853333 
137.300000 1.846667 
137.400000 1.840000 
137.500000 1.833333 
137.600000 1.826667 
137.700000 1.820000 
137.800000 1.813333 
137.900000 1.806667 
138.000000 1.800000 
138.100000 1.793333 
138.200000 1.786667 
138.300000 1.780000 
138.400000 1.773333 
138.500000 1.766667 
138.600000 1.760000 
138.700000 1.753333 
138.800000 1.746667 
138.900000 1.740000 
139.000000 1.733333 
139.100000 1.726667 
139.200000 1.720000 
139.300000 1.713333 
139.400000 1.706667 
139.500000 1.700000 
139.600000 1.693333 
139.700000 1.686667 
139.800000 1.680000 
139.900000 1.673333 
140.000000 1.666667 
140.100000 1.660000 
140.200000 1.653333 
140.300000 1.646667 
140.400000 1.640000 
140.500000 1.633333 
140.600000 1.626667 
140.700000 1.620000 
140.800000 1.613333 
140.900000 1.606667 
141.000000 1.600000 
141.100000 1.593333 
141.200000 1.586667 
141.300000 1.580000 
141.400000 1.573333 
141.500000 1.566667 
141.600000 1.560000 
141.700000 1.553333 
141.800000 1.546667 
141.900000 1.540000 
142.000000 1.533333 
142.100000 1.526667 
142.200000 1.520000 
142.300000 1.513333 
142.400000 1.506667 
142.500000 1.500000 
142.600000 1.493333 
142.700000 1.486667 
142.800000 1.480000 
142.900000 1.473333 
143.000000 1.466667 
143.100000 1.460000 
143.200000 1.453333 
143.300000 1.446667 
143.400000 1.440000 
143.500000 1.433333 
143.600000 1.426667 
143.700000 1.420000 
143.800000 1.413333 
143.900000 1.406667 
144.000000 1.400000 
144.100000 1.393333 
144.200000 1.386667 
144.300000 1.380000 
144.400000 1.373333 
144.500000 1.366667 
144.600000 1.360000 
144.700000 1.353333 
144.800000 1.346667 
144.900000 1.340000 
145.000000 1.333333 
145.100000 1.326667 
145.200000 1.320000 
145.300000 1.313333 
145.400000 1.306667 
145.500000 1.300000 
145.600000 1.293333 
145.700000 1.286667 
145.800000 1.280000 
145.900000 1.273333 
146.000000 1.266667 
146.100000 1.260000 
146.200000 1.253333 
146.300000 1.246667 
146.400000 1.240000 
146.500000 1.233333 
146.600000 1.226667 
146.700000 1.220000 
146.800000 1.213333 
146.900000 1.206667 
147.000000 1.200000 
147.100000 1.193333 
147.200000 1.186667 
147.300000 1.180000 
147.400000 1.173333 
147.500000 1.166667 
147.600000 1.160000 
147.700000 1.153333 
147.800000 1.146667 
147.900000 1.140000 
148.000000 1.133333 
148.100000 1.126667 
148.200000 1.120000 
148.300000 1.113333 
148.400000 1.106667 
148.500000 1.100000 
148.600000 1.093333 
148.700000 1.086667 
148.800000 1.080000 
148.900000 1.073333 
149.000000 1.066667 
149.100000 1.060000 
149.200000 1.053333 
149.300000 1.046667 
149.400000 1.040000 
149.500000 1.033333 
149.600000 1.026667 
149.700000 1.020000 
149.800000 1.013333 
149.900000 1.006667 
150.000000 1.000000 
150.100000 0.993333 
150.200000 0.986667 
150.300000 0.980000 
150.400000 0.973333 
150.500000 0.966667 
150.600000 0.960000 
150.700000 0.953333 
150.800000 0.946667 
150.900000 0.940000 
151.000000 0.933333 
151.100000 0.926667 
151.200000 0.920000 
151.300000 0.913333 
151.400000 0.906667 
151.500000 0.900000 
151.600000 0.893333 
151.700000 0.886667 
151.800000 0.880000 
151.900000 0.873333 
152.000000 0.866667 
152.100000 0.860000 
152.200000 0.853333 
152.300000 0.846667 
152.400000 0.840000 
152.500000 0.833333 
152.600000 0.826667 
152.700000 0.820000 
152.800000 0.813333 
152.900000 0.806667 
153.000000 0.800000 
153.100000 0.793333 
153.200000 0.786667 
153.300000 0.780000 
153.400000 0.773333 
153.500000 0.766667 
153.600000 0.760000 
153.700000 0.753333 
153.800000 0.746667 
153.900000 0.740000 
154.000000 0.733333 
154.100000 0.726667 
154.200000 0.720000 
154.300000 0.713333 
154.400000 0.706667 
154.500000 0.700000 
154.600000 0.693333 
154.700000 0.686667 
154.800000 0.680000 
154.900000 0.673333 
155.000000 0.666667 
155.100000 0.660000 
155.200000 0.653333 
155.300000 0.646667 
155.400000 0.640000 
155.500000 0.633333 
155.600000 0.626667 
155.700000 0.620000 
155.800000 0.613333 
155.900000 0.606667 
156.000000 0.600000 
156.100000 0.593333 
156.200000 0.586667 
156.300000 0.580000 
156.400000 0.573333 
156.500000 0.566667 
156.600000 0.560000 
156.700000 0.553333 
156.800000 0.546667 
156.900000 0.540000 
157.000000 0.533333 
157.100000 0.526667 
157.200000 0.520000 
157.300000 0.513333 
157.400000 0.506667 
157.500000 0.500000 
157.600000 0.493333 
157.700000 0.486667 
157.800000 0.480000 
157.900000 0.473333 
158.000000 0.466667 
158.100000 0.460000 
158.200000 0.453333 
158.300000 0.446667 
158.400000 0.440000 
158.500000 0.433333 
158.600000 0.426667 
158.700000 0.420000 
158.800000 0.413333 
158.900000 0.406667 
159.000000 0.400000 
159.100000 0.393333 
159.200000 0.386667 
159.300000 0.380000 
159.400000 0.373333 
159.500000 0.366667 
159.600000 0.360000 
159.700000 0.353333 
159.800000 0.346667 
159.900000 0.340000 
160.000000 0.333333 
160.100000 0.326667 
160.200000 0.320000 
160.300000 0.313333 
160.400000 0.306667 
160.500000 0.300000 
160.600000 0.293333 
160.700000 0.286667 
160.800000 0.280000 
160.900000 0.273333 
161.000000 0.266667 
161.100000 0.260000 
161.200000 0.253333 
161.300000 0.246667 
161.400000 0.240000 
161.500000 0.233333 
161.600000 0.226667 
161.700000 0.220000 
161.800000 0.213333 
161.900000 0.206667 
162.000000 0.200000 
162.100000 0.193333 
162.200000 0.186667 
162.300000 0.180000 
162.400000 0.173333 
162.500000 0.166667 
162.600000 0.160000 
162.700000 0.153333 
162.800000 0.146667 
162.900000 0.140000 
163.000000 0.133333 
163.100000 0.126667 
163.200000 0.120000 
163.300000 0.113333 
163.400000 0.106667 
163.500000 0.100000 
163.600000 0.093333 
163.700000 0.086667 
163.800000 0.080000 
163.900000 0.073333 
164.000000 0.066667 
164.100000 0.060000 
164.200000 0.053333 
164.300000 0.046667 
164.400000 0.040000 
164.500000 0.033333 
164.600000 0.026667 
164.700000 0.020000 
164.800000 0.013333 
164.900000 0.006667 
165.000000 0.000000 
165.100000 -0.006667 
165.200000 -0.013333 
165.300000 -0.020000 
165.400000 -0.026667 
165.500000 -0.033333 
165.600000 -0.040000 
165.700000 -0.046667 
165.800000 -0.053333 
165.900000 -0.060000 
166.000000 -0.066667 
166.100000 -0.073333 
166.200000 -0.080000 
166.300000 -0.086667 
166.400000 -0.093333 
166.500000 -0.100000 
166.600000 -0.106667 
166.700000 -0.113333 
166.800000 -0.120000 
166.900000 -0.126667 
167.000000 -0.133333 
167.100000 -0.140000 
167.200000 -0.146667 
167.300000 -0.153333 
167.400000 -0.160000 
167.500000 -0.166667 
167.600000 -0.173333 
167.700000 -0.180000 
167.800000 -0.186667 
167.900000 -0.193333 
168.000000 -0.200000 
168.100000 -0.206667 
168.200000 -0.213333 
168.300000 -0.220000 
168.400000 -0.226667 
168.500000 -0.233333 
168.600000 -0.240000 
168.700000 -0.246667 
168.800000 -0.253333 
168.900000 -0.260000 
169.000000 -0.266667 
169.100000 -0.273333 
169.200000 -0.280000 
169.300000 -0.286667 
169.400000 -0.293333 
169.500000 -0.300000 
169.600000 -0.306667 
169.700000 -0.313333 
169.800000 -0.320000 
169.900000 -0.326667 
170.000000 -0.333333 
