0.010000 1.214000
0.020000 1.473796
0.030000 1.789188
0.040000 2.172075
0.050000 2.636899
0.060000 3.201195
0.070000 3.886251
0.080000 4.717908
0.090000 5.727541
0.100000 6.953234
0.110000 8.441227
0.120000 10.247649
0.130000 12.440646
0.140000 15.102944
0.150000 18.334974
0.160000 22.258659
0.170000 27.022012
0.180000 32.804722
0.190000 39.824932
0.200000 48.347468
0.210000 58.693826
0.220000 71.254305
0.230000 86.502726
0.240000 105.014310
0.250000 127.487372
0.260000 154.769670
0.270000 187.890379
0.280000 228.098920
0.290000 276.912089
0.300000 336.171276
0.310000 408.111929
0.320000 495.447881
0.330000 601.473728
0.340000 730.189106
0.350000 886.449574
0.360000 1076.149783
0.370000 1306.445837
0.380000 1586.025246
0.390000 1925.434649
0.400000 2337.477664
0.410000 2837.697884
0.420000 3444.965231
0.430000 4182.187790
0.440000 5077.175977
0.450000 6163.691637
0.460000 7482.721647
0.470000 9084.024079
0.480000 11028.005232
0.490000 13387.998352
