0.010000 1.176000
0.020000 1.382976
0.030000 1.626380
0.040000 1.912623
0.050000 2.249244
0.060000 2.645111
0.070000 3.110651
0.080000 3.658125
0.090000 4.301955
0.100000 5.059099
0.110000 5.949501
0.120000 6.996613
0.130000 8.228017
0.140000 9.676148
0.150000 11.379150
0.160000 13.381881
0.170000 15.737091
0.180000 18.506820
0.190000 21.764020
0.200000 25.594487
0.210000 30.099117
0.220000 35.396562
0.230000 41.626357
0.240000 48.952595
0.250000 57.568252
0.260000 67.700264
0.270000 79.615511
0.280000 93.627841
0.290000 110.106341
0.300000 129.485057
0.310000 152.274427
0.320000 179.074726
0.330000 210.591878
0.340000 247.656048
0.350000 291.243513
0.360000 342.502371
0.370000 402.782789
0.380000 473.672559
0.390000 557.038930
0.400000 655.077782
0.410000 770.371471
0.420000 905.956850
0.430000 1065.405256
0.440000 1252.916581
0.450000 1473.429899
0.460000 1732.753561
0.470000 2037.718188
0.480000 2396.356589
0.490000 2818.115348
