0.010000 1.238623
0.020000 1.534186
0.030000 1.900278
0.040000 2.353727
0.050000 2.915379
0.060000 3.611055
0.070000 4.472735
0.080000 5.540030
0.090000 6.862007
0.100000 8.499438
0.110000 10.527596
0.120000 13.039719
0.130000 16.151291
0.140000 20.005355
0.150000 24.779086
0.160000 30.691938
0.170000 38.015729
0.180000 47.087143
0.190000 58.323203
0.200000 72.240440
0.210000 89.478646
0.220000 110.830278
0.230000 137.276893
0.240000 170.034269
0.250000 210.608298
0.260000 260.864209
0.270000 323.112319
0.280000 400.214239
0.290000 495.714423
0.300000 614.003114
0.310000 760.518167
0.320000 941.995031
0.330000 1166.776387
0.340000 1445.195665
0.350000 1790.052092
0.360000 2217.199074
0.370000 2746.273004
0.380000 3401.595958
0.390000 4213.293817
0.400000 5218.681172
0.410000 6463.976728
0.420000 8006.428016
0.430000 9916.943124
0.440000 12283.350420
0.450000 15214.436107
0.460000 18844.945242
0.470000 23341.776105
0.480000 28911.652687
0.490000 35810.628006
