0.000000 0.666667 
1.000000 1.563472 
2.000000 2.108185 
3.000000 2.538591 
4.000000 2.905933 
5.000000 3.231787 
6.000000 3.527668 
7.000000 3.800585 
8.000000 4.055175 
9.000000 4.294700 
10.000000 4.521553 
11.000000 4.737557 
12.000000 4.944132 
13.000000 5.142416 
14.000000 5.333333 
15.000000 5.517648 
16.000000 5.696002 
17.000000 5.868939 
18.000000 6.036923 
19.000000 6.200358 
20.000000 6.359595 
21.000000 6.514940 
22.000000 6.666667 
23.000000 6.815016 
24.000000 6.960204 
25.000000 7.102425 
26.000000 7.241854 
27.000000 7.378648 
28.000000 7.512952 
29.000000 7.644897 
30.000000 7.774603 
31.000000 7.902180 
32.000000 8.027730 
33.000000 8.151346 
34.000000 8.273116 
35.000000 8.393119 
36.000000 8.511430 
37.000000 8.628119 
38.000000 8.743251 
39.000000 8.856887 
40.000000 8.969083 
41.000000 9.079892 
42.000000 9.189366 
43.000000 9.297550 
44.000000 9.404491 
45.000000 9.510228 
46.000000 9.614803 
47.000000 9.718253 
48.000000 9.820613 
49.000000 9.921917 
50.000000 10.022198 
51.000000 10.121484 
52.000000 10.219806 
53.000000 10.317192 
54.000000 10.413666 
55.000000 10.509255 
56.000000 10.603982 
57.000000 10.697871 
58.000000 10.790943 
59.000000 10.883218 
60.000000 10.974718 
61.000000 11.065462 
62.000000 11.155467 
63.000000 11.244752 
64.000000 11.333333 
65.000000 11.421228 
66.000000 11.508451 
67.000000 11.595018 
68.000000 11.680944 
69.000000 11.766242 
70.000000 11.850926 
71.000000 11.935009 
72.000000 12.018504 
73.000000 12.101423 
74.000000 12.183778 
75.000000 12.265580 
76.000000 12.346839 
77.000000 12.427568 
78.000000 12.507775 
79.000000 12.587472 
80.000000 12.666667 
81.000000 12.745370 
82.000000 12.823589 
83.000000 12.901335 
84.000000 12.978615 
85.000000 13.055437 
86.000000 13.131810 
87.000000 13.207742 
88.000000 13.283239 
89.000000 13.358310 
90.000000 13.432961 
91.000000 13.507200 
92.000000 13.581033 
93.000000 13.654466 
94.000000 13.727507 
95.000000 13.800161 
96.000000 13.872435 
97.000000 13.944334 
98.000000 14.015864 
99.000000 14.087031 
100.000000 14.157840 
101.000000 14.228297 
102.000000 14.298407 
103.000000 14.368175 
104.000000 14.437605 
105.000000 14.506703 
106.000000 14.575474 
107.000000 14.643922 
108.000000 14.712051 
109.000000 14.779866 
110.000000 14.847372 
111.000000 14.914572 
112.000000 14.981470 
113.000000 15.048071 
114.000000 15.114379 
115.000000 15.180397 
116.000000 15.246129 
117.000000 15.311579 
118.000000 15.376750 
119.000000 15.441646 
120.000000 15.506271 
121.000000 15.570628 
122.000000 15.634719 
123.000000 15.698549 
124.000000 15.762121 
125.000000 15.825437 
126.000000 15.888500 
127.000000 15.951315 
128.000000 16.013883 
129.000000 16.076207 
130.000000 16.138291 
131.000000 16.200137 
132.000000 16.261748 
133.000000 16.323126 
134.000000 16.384274 
135.000000 16.445195 
136.000000 16.505891 
137.000000 16.566365 
138.000000 16.626619 
139.000000 16.686655 
140.000000 16.746476 
141.000000 16.806084 
142.000000 16.865481 
143.000000 16.924670 
144.000000 16.983652 
145.000000 17.042431 
146.000000 17.101007 
147.000000 17.159384 
148.000000 17.217562 
149.000000 17.275545 
150.000000 17.333333 
151.000000 17.390930 
152.000000 17.448336 
153.000000 17.505555 
154.000000 17.562586 
155.000000 17.619434 
156.000000 17.676098 
157.000000 17.732581 
158.000000 17.788885 
159.000000 17.845012 
160.000000 17.900962 
161.000000 17.956738 
162.000000 18.012341 
163.000000 18.067774 
164.000000 18.123036 
165.000000 18.178131 
166.000000 18.233059 
167.000000 18.287822 
168.000000 18.342422 
169.000000 18.396860 
170.000000 18.451137 
171.000000 18.505255 
172.000000 18.559215 
173.000000 18.613018 
174.000000 18.666667 
175.000000 18.720161 
176.000000 18.773504 
177.000000 18.826695 
178.000000 18.879736 
179.000000 18.932629 
180.000000 18.985374 
181.000000 19.037974 
182.000000 19.090428 
183.000000 19.142739 
184.000000 19.194907 
185.000000 19.246933 
186.000000 19.298820 
187.000000 19.350567 
188.000000 19.402176 
189.000000 19.453649 
190.000000 19.504985 
191.000000 19.556187 
192.000000 19.607255 
193.000000 19.658190 
194.000000 19.708994 
195.000000 19.759667 
196.000000 19.810211 
197.000000 19.860625 
198.000000 19.910913 
199.000000 19.961073 
200.000000 20.011108 
201.000000 20.061018 
202.000000 20.110804 
203.000000 20.160467 
204.000000 20.210009 
205.000000 20.259429 
206.000000 20.308728 
207.000000 20.357909 
208.000000 20.406970 
209.000000 20.455915 
210.000000 20.504742 
211.000000 20.553453 
212.000000 20.602050 
213.000000 20.650531 
214.000000 20.698900 
215.000000 20.747155 
216.000000 20.795299 
217.000000 20.843331 
218.000000 20.891253 
219.000000 20.939065 
220.000000 20.986768 
221.000000 21.034363 
222.000000 21.081851 
223.000000 21.129232 
224.000000 21.176507 
225.000000 21.223677 
226.000000 21.270742 
227.000000 21.317703 
228.000000 21.364560 
229.000000 21.411316 
230.000000 21.457969 
231.000000 21.504521 
232.000000 21.550973 
233.000000 21.597325 
234.000000 21.643577 
235.000000 21.689731 
236.000000 21.735787 
237.000000 21.781746 
238.000000 21.827607 
239.000000 21.873373 
240.000000 21.919043 
241.000000 21.964618 
242.000000 22.010099 
243.000000 22.055486 
244.000000 22.100779 
245.000000 22.145980 
246.000000 22.191089 
247.000000 22.236107 
248.000000 22.281033 
249.000000 22.325869 
250.000000 22.370616 
251.000000 22.415273 
252.000000 22.459841 
253.000000 22.504321 
254.000000 22.548713 
255.000000 22.593018 
256.000000 22.637236 
257.000000 22.681368 
258.000000 22.725414 
259.000000 22.769375 
260.000000 22.813252 
261.000000 22.857044 
262.000000 22.900752 
263.000000 22.944377 
264.000000 22.987920 
265.000000 23.031380 
266.000000 23.074758 
267.000000 23.118055 
268.000000 23.161270 
269.000000 23.204406 
270.000000 23.247461 
271.000000 23.290437 
272.000000 23.333333 
273.000000 23.376151 
274.000000 23.418891 
275.000000 23.461552 
276.000000 23.504137 
277.000000 23.546644 
278.000000 23.589075 
279.000000 23.631429 
280.000000 23.673708 
281.000000 23.715911 
282.000000 23.758040 
283.000000 23.800093 
284.000000 23.842073 
285.000000 23.883979 
286.000000 23.925811 
287.000000 23.967571 
288.000000 24.009257 
289.000000 24.050872 
290.000000 24.092415 
291.000000 24.133886 
292.000000 24.175286 
293.000000 24.216615 
294.000000 24.257874 
295.000000 24.299063 
296.000000 24.340182 
297.000000 24.381231 
298.000000 24.422212 
299.000000 24.463124 
300.000000 24.503968 
301.000000 24.544744 
302.000000 24.585452 
303.000000 24.626093 
304.000000 24.666667 
305.000000 24.707174 
306.000000 24.747615 
307.000000 24.787990 
308.000000 24.828299 
309.000000 24.868543 
310.000000 24.908722 
311.000000 24.948837 
312.000000 24.988886 
313.000000 25.028872 
314.000000 25.068794 
315.000000 25.108653 
316.000000 25.148448 
317.000000 25.188181 
318.000000 25.227851 
319.000000 25.267458 
320.000000 25.307004 
321.000000 25.346488 
322.000000 25.385910 
323.000000 25.425272 
324.000000 25.464572 
325.000000 25.503812 
326.000000 25.542992 
327.000000 25.582112 
328.000000 25.621172 
329.000000 25.660172 
330.000000 25.699114 
331.000000 25.737996 
332.000000 25.776820 
333.000000 25.815585 
334.000000 25.854293 
335.000000 25.892942 
336.000000 25.931534 
337.000000 25.970068 
338.000000 26.008546 
339.000000 26.046966 
340.000000 26.085330 
341.000000 26.123638 
342.000000 26.161889 
343.000000 26.200085 
344.000000 26.238225 
345.000000 26.276310 
346.000000 26.314339 
347.000000 26.352314 
348.000000 26.390234 
349.000000 26.428100 
350.000000 26.465911 
351.000000 26.503669 
352.000000 26.541372 
353.000000 26.579023 
354.000000 26.616620 
355.000000 26.654164 
356.000000 26.691655 
357.000000 26.729094 
358.000000 26.766480 
359.000000 26.803814 
360.000000 26.841096 
361.000000 26.878327 
362.000000 26.915506 
363.000000 26.952633 
364.000000 26.989710 
365.000000 27.026736 
366.000000 27.063711 
367.000000 27.100635 
368.000000 27.137510 
369.000000 27.174334 
370.000000 27.211109 
371.000000 27.247834 
372.000000 27.284509 
373.000000 27.321135 
374.000000 27.357713 
375.000000 27.394241 
376.000000 27.430721 
377.000000 27.467152 
378.000000 27.503535 
379.000000 27.539870 
380.000000 27.576157 
381.000000 27.612397 
382.000000 27.648588 
383.000000 27.684733 
384.000000 27.720831 
385.000000 27.756881 
386.000000 27.792885 
387.000000 27.828842 
388.000000 27.864753 
389.000000 27.900617 
390.000000 27.936436 
391.000000 27.972208 
392.000000 28.007935 
393.000000 28.043617 
394.000000 28.079253 
395.000000 28.114844 
396.000000 28.150390 
397.000000 28.185891 
398.000000 28.221347 
399.000000 28.256759 
400.000000 28.292127 
401.000000 28.327450 
402.000000 28.362730 
403.000000 28.397965 
404.000000 28.433157 
405.000000 28.468306 
406.000000 28.503411 
407.000000 28.538473 
408.000000 28.573492 
409.000000 28.608468 
410.000000 28.643401 
411.000000 28.678292 
412.000000 28.713141 
413.000000 28.747947 
414.000000 28.782711 
415.000000 28.817433 
416.000000 28.852113 
417.000000 28.886752 
418.000000 28.921349 
419.000000 28.955905 
420.000000 28.990420 
421.000000 29.024894 
422.000000 29.059326 
423.000000 29.093718 
424.000000 29.128070 
425.000000 29.162381 
426.000000 29.196651 
427.000000 29.230882 
428.000000 29.265072 
429.000000 29.299223 
430.000000 29.333333 
431.000000 29.367404 
432.000000 29.401436 
433.000000 29.435428 
434.000000 29.469381 
435.000000 29.503295 
436.000000 29.537171 
437.000000 29.571007 
438.000000 29.604804 
439.000000 29.638563 
440.000000 29.672284 
441.000000 29.705966 
442.000000 29.739611 
443.000000 29.773217 
444.000000 29.806785 
445.000000 29.840316 
446.000000 29.873809 
447.000000 29.907264 
448.000000 29.940682 
449.000000 29.974063 
450.000000 30.007406 
451.000000 30.040713 
452.000000 30.073983 
453.000000 30.107216 
454.000000 30.140412 
455.000000 30.173572 
456.000000 30.206695 
457.000000 30.239782 
458.000000 30.272833 
459.000000 30.305848 
460.000000 30.338827 
461.000000 30.371771 
462.000000 30.404678 
463.000000 30.437550 
464.000000 30.470386 
465.000000 30.503187 
466.000000 30.535953 
467.000000 30.568684 
468.000000 30.601380 
469.000000 30.634041 
470.000000 30.666667 
471.000000 30.699258 
472.000000 30.731815 
473.000000 30.764337 
474.000000 30.796825 
475.000000 30.829279 
476.000000 30.861699 
477.000000 30.894084 
478.000000 30.926436 
479.000000 30.958754 
480.000000 30.991038 
481.000000 31.023289 
482.000000 31.055506 
483.000000 31.087690 
484.000000 31.119840 
485.000000 31.151957 
486.000000 31.184042 
487.000000 31.216093 
488.000000 31.248111 
489.000000 31.280097 
490.000000 31.312050 
491.000000 31.343970 
492.000000 31.375858 
493.000000 31.407713 
494.000000 31.439536 
495.000000 31.471327 
496.000000 31.503086 
497.000000 31.534813 
498.000000 31.566508 
499.000000 31.598172 
500.000000 31.629803 
501.000000 31.661403 
502.000000 31.692972 
503.000000 31.724509 
504.000000 31.756014 
505.000000 31.787489 
506.000000 31.818932 
507.000000 31.850344 
508.000000 31.881726 
509.000000 31.913076 
510.000000 31.944396 
511.000000 31.975685 
512.000000 32.006944 
513.000000 32.038172 
514.000000 32.069369 
515.000000 32.100537 
516.000000 32.131674 
517.000000 32.162780 
518.000000 32.193857 
519.000000 32.224904 
520.000000 32.255921 
521.000000 32.286908 
522.000000 32.317866 
523.000000 32.348794 
524.000000 32.379692 
525.000000 32.410561 
526.000000 32.441400 
527.000000 32.472210 
528.000000 32.502991 
529.000000 32.533743 
530.000000 32.564466 
531.000000 32.595160 
532.000000 32.625825 
533.000000 32.656461 
534.000000 32.687068 
535.000000 32.717647 
536.000000 32.748198 
537.000000 32.778719 
538.000000 32.809213 
539.000000 32.839678 
540.000000 32.870115 
541.000000 32.900523 
542.000000 32.930904 
543.000000 32.961257 
544.000000 32.991581 
545.000000 33.021878 
546.000000 33.052147 
547.000000 33.082389 
548.000000 33.112603 
549.000000 33.142789 
550.000000 33.172947 
551.000000 33.203079 
552.000000 33.233183 
553.000000 33.263260 
554.000000 33.293309 
555.000000 33.323332 
556.000000 33.353327 
557.000000 33.383296 
558.000000 33.413238 
559.000000 33.443152 
560.000000 33.473041 
561.000000 33.502902 
562.000000 33.532737 
563.000000 33.562545 
564.000000 33.592327 
565.000000 33.622083 
566.000000 33.651812 
567.000000 33.681515 
568.000000 33.711192 
569.000000 33.740842 
570.000000 33.770467 
571.000000 33.800066 
572.000000 33.829639 
573.000000 33.859186 
574.000000 33.888707 
575.000000 33.918202 
576.000000 33.947672 
577.000000 33.977116 
578.000000 34.006535 
579.000000 34.035929 
580.000000 34.065297 
581.000000 34.094640 
582.000000 34.123957 
583.000000 34.153249 
584.000000 34.182517 
585.000000 34.211759 
586.000000 34.240976 
587.000000 34.270168 
588.000000 34.299336 
589.000000 34.328479 
590.000000 34.357597 
591.000000 34.386690 
592.000000 34.415759 
593.000000 34.444803 
594.000000 34.473823 
595.000000 34.502818 
596.000000 34.531789 
597.000000 34.560736 
598.000000 34.589658 
599.000000 34.618556 
600.000000 34.647431 
601.000000 34.676281 
602.000000 34.705107 
603.000000 34.733909 
604.000000 34.762688 
605.000000 34.791442 
606.000000 34.820173 
607.000000 34.848880 
608.000000 34.877564 
609.000000 34.906224 
610.000000 34.934860 
611.000000 34.963473 
612.000000 34.992063 
613.000000 35.020629 
614.000000 35.049172 
615.000000 35.077692 
616.000000 35.106188 
617.000000 35.134662 
618.000000 35.163112 
619.000000 35.191539 
620.000000 35.219944 
621.000000 35.248325 
622.000000 35.276684 
623.000000 35.305020 
624.000000 35.333333 
625.000000 35.361624 
626.000000 35.389892 
627.000000 35.418137 
628.000000 35.446360 
629.000000 35.474561 
630.000000 35.502739 
631.000000 35.530894 
632.000000 35.559028 
633.000000 35.587139 
634.000000 35.615228 
635.000000 35.643295 
636.000000 35.671339 
637.000000 35.699362 
638.000000 35.727363 
639.000000 35.755341 
640.000000 35.783298 
641.000000 35.811233 
642.000000 35.839147 
643.000000 35.867038 
644.000000 35.894908 
645.000000 35.922757 
646.000000 35.950583 
647.000000 35.978389 
648.000000 36.006172 
649.000000 36.033935 
650.000000 36.061676 
651.000000 36.089395 
652.000000 36.117094 
653.000000 36.144771 
654.000000 36.172427 
655.000000 36.200061 
656.000000 36.227675 
657.000000 36.255268 
658.000000 36.282840 
659.000000 36.310390 
660.000000 36.337920 
661.000000 36.365429 
662.000000 36.392918 
663.000000 36.420385 
664.000000 36.447832 
665.000000 36.475258 
666.000000 36.502664 
667.000000 36.530049 
668.000000 36.557413 
669.000000 36.584757 
670.000000 36.612081 
671.000000 36.639384 
672.000000 36.666667 
673.000000 36.693929 
674.000000 36.721172 
675.000000 36.748394 
676.000000 36.775596 
677.000000 36.802778 
678.000000 36.829940 
679.000000 36.857081 
680.000000 36.884203 
681.000000 36.911305 
682.000000 36.938387 
683.000000 36.965449 
684.000000 36.992492 
685.000000 37.019514 
686.000000 37.046517 
687.000000 37.073501 
688.000000 37.100464 
689.000000 37.127408 
690.000000 37.154333 
691.000000 37.181238 
692.000000 37.208123 
693.000000 37.234990 
694.000000 37.261836 
695.000000 37.288664 
696.000000 37.315472 
697.000000 37.342261 
698.000000 37.369031 
699.000000 37.395781 
700.000000 37.422513 
701.000000 37.449225 
702.000000 37.475918 
703.000000 37.502593 
704.000000 37.529248 
705.000000 37.555884 
706.000000 37.582502 
707.000000 37.609101 
708.000000 37.635680 
709.000000 37.662242 
710.000000 37.688784 
711.000000 37.715308 
712.000000 37.741813 
713.000000 37.768299 
714.000000 37.794767 
715.000000 37.821217 
716.000000 37.847648 
717.000000 37.874060 
718.000000 37.900454 
719.000000 37.926830 
720.000000 37.953188 
721.000000 37.979527 
722.000000 38.005848 
723.000000 38.032150 
724.000000 38.058435 
725.000000 38.084701 
726.000000 38.110949 
727.000000 38.137179 
728.000000 38.163391 
729.000000 38.189586 
730.000000 38.215762 
731.000000 38.241920 
732.000000 38.268060 
733.000000 38.294183 
734.000000 38.320288 
735.000000 38.346375 
736.000000 38.372444 
737.000000 38.398495 
738.000000 38.424529 
739.000000 38.450545 
740.000000 38.476544 
741.000000 38.502525 
742.000000 38.528489 
743.000000 38.554435 
744.000000 38.580363 
745.000000 38.606275 
746.000000 38.632169 
747.000000 38.658045 
748.000000 38.683904 
749.000000 38.709746 
750.000000 38.735571 
751.000000 38.761378 
752.000000 38.787169 
753.000000 38.812942 
754.000000 38.838698 
755.000000 38.864437 
756.000000 38.890159 
757.000000 38.915864 
758.000000 38.941552 
759.000000 38.967223 
760.000000 38.992877 
761.000000 39.018514 
762.000000 39.044135 
763.000000 39.069738 
764.000000 39.095325 
765.000000 39.120895 
766.000000 39.146449 
767.000000 39.171985 
768.000000 39.197506 
769.000000 39.223009 
770.000000 39.248496 
771.000000 39.273966 
772.000000 39.299420 
773.000000 39.324858 
774.000000 39.350279 
775.000000 39.375683 
776.000000 39.401072 
777.000000 39.426443 
778.000000 39.451799 
779.000000 39.477138 
780.000000 39.502461 
781.000000 39.527768 
782.000000 39.553059 
783.000000 39.578333 
784.000000 39.603591 
785.000000 39.628833 
786.000000 39.654060 
787.000000 39.679270 
788.000000 39.704464 
789.000000 39.729642 
790.000000 39.754804 
791.000000 39.779950 
792.000000 39.805081 
793.000000 39.830195 
794.000000 39.855294 
795.000000 39.880377 
796.000000 39.905444 
797.000000 39.930495 
798.000000 39.955531 
799.000000 39.980551 
800.000000 40.005555 
801.000000 40.030544 
802.000000 40.055517 
803.000000 40.080475 
804.000000 40.105417 
805.000000 40.130343 
806.000000 40.155254 
807.000000 40.180150 
808.000000 40.205030 
809.000000 40.229895 
810.000000 40.254744 
811.000000 40.279579 
812.000000 40.304397 
813.000000 40.329201 
814.000000 40.353989 
815.000000 40.378762 
816.000000 40.403520 
817.000000 40.428263 
818.000000 40.452991 
819.000000 40.477703 
820.000000 40.502400 
821.000000 40.527083 
822.000000 40.551750 
823.000000 40.576403 
824.000000 40.601040 
825.000000 40.625662 
826.000000 40.650270 
827.000000 40.674863 
828.000000 40.699440 
829.000000 40.724003 
830.000000 40.748551 
831.000000 40.773085 
832.000000 40.797603 
833.000000 40.822107 
834.000000 40.846596 
835.000000 40.871071 
836.000000 40.895531 
837.000000 40.919976 
838.000000 40.944407 
839.000000 40.968823 
840.000000 40.993224 
841.000000 41.017611 
842.000000 41.041984 
843.000000 41.066342 
844.000000 41.090686 
845.000000 41.115015 
846.000000 41.139330 
847.000000 41.163630 
848.000000 41.187916 
849.000000 41.212188 
850.000000 41.236446 
851.000000 41.260689 
852.000000 41.284918 
853.000000 41.309133 
854.000000 41.333333 
855.000000 41.357520 
856.000000 41.381692 
857.000000 41.405850 
858.000000 41.429995 
859.000000 41.454125 
860.000000 41.478241 
861.000000 41.502343 
862.000000 41.526431 
863.000000 41.550505 
864.000000 41.574565 
865.000000 41.598611 
866.000000 41.622643 
867.000000 41.646662 
868.000000 41.670666 
869.000000 41.694657 
870.000000 41.718634 
871.000000 41.742597 
872.000000 41.766547 
873.000000 41.790483 
874.000000 41.814405 
875.000000 41.838313 
876.000000 41.862208 
877.000000 41.886089 
878.000000 41.909956 
879.000000 41.933810 
880.000000 41.957651 
881.000000 41.981477 
882.000000 42.005291 
883.000000 42.029090 
884.000000 42.052877 
885.000000 42.076650 
886.000000 42.100409 
887.000000 42.124155 
888.000000 42.147888 
889.000000 42.171607 
890.000000 42.195313 
891.000000 42.219006 
892.000000 42.242685 
893.000000 42.266351 
894.000000 42.290004 
895.000000 42.313644 
896.000000 42.337270 
897.000000 42.360883 
898.000000 42.384484 
899.000000 42.408071 
900.000000 42.431644 
901.000000 42.455205 
902.000000 42.478753 
903.000000 42.502288 
904.000000 42.525809 
905.000000 42.549318 
906.000000 42.572813 
907.000000 42.596296 
908.000000 42.619766 
909.000000 42.643223 
910.000000 42.666667 
911.000000 42.690098 
912.000000 42.713516 
913.000000 42.736921 
914.000000 42.760314 
915.000000 42.783694 
916.000000 42.807061 
917.000000 42.830415 
918.000000 42.853756 
919.000000 42.877085 
920.000000 42.900401 
921.000000 42.923705 
922.000000 42.946996 
923.000000 42.970274 
924.000000 42.993540 
925.000000 43.016793 
926.000000 43.040033 
927.000000 43.063261 
928.000000 43.086476 
929.000000 43.109679 
930.000000 43.132870 
931.000000 43.156048 
932.000000 43.179213 
933.000000 43.202366 
934.000000 43.225507 
935.000000 43.248635 
936.000000 43.271751 
937.000000 43.294855 
938.000000 43.317946 
939.000000 43.341025 
940.000000 43.364092 
941.000000 43.387146 
942.000000 43.410188 
943.000000 43.433218 
944.000000 43.456236 
945.000000 43.479242 
946.000000 43.502235 
947.000000 43.525216 
948.000000 43.548185 
949.000000 43.571142 
950.000000 43.594087 
951.000000 43.617020 
952.000000 43.639941 
953.000000 43.662850 
954.000000 43.685746 
955.000000 43.708631 
956.000000 43.731504 
957.000000 43.754365 
958.000000 43.777214 
959.000000 43.800051 
960.000000 43.822876 
961.000000 43.845689 
962.000000 43.868490 
963.000000 43.891280 
964.000000 43.914057 
965.000000 43.936823 
966.000000 43.959577 
967.000000 43.982320 
968.000000 44.005050 
969.000000 44.027769 
970.000000 44.050476 
971.000000 44.073171 
972.000000 44.095855 
973.000000 44.118527 
974.000000 44.141188 
975.000000 44.163836 
976.000000 44.186474 
977.000000 44.209099 
978.000000 44.231713 
979.000000 44.254316 
980.000000 44.276906 
981.000000 44.299486 
982.000000 44.322054 
983.000000 44.344610 
984.000000 44.367155 
985.000000 44.389688 
986.000000 44.412211 
987.000000 44.434721 
988.000000 44.457220 
989.000000 44.479708 
990.000000 44.502185 
991.000000 44.524650 
992.000000 44.547104 
993.000000 44.569546 
994.000000 44.591977 
995.000000 44.614397 
996.000000 44.636806 
997.000000 44.659203 
998.000000 44.681590 
999.000000 44.703965 
